1.998650810315498560e+01 1.051928403173966764e+01
1.956466434400109478e+01 1.291842354475737231e+01
1.882451922074774586e+01 1.470402599085652007e+01
1.780184894266367834e+01 1.625548983500554101e+01
1.736129177238798960e+01 1.676841070279965251e+01
1.593887918950456140e+01 1.804547785855319120e+01
1.378438695557423799e+01 1.925626357503283259e+01
1.204971745881641354e+01 1.978767890457299217e+01
1.015353262318450689e+01 1.999882131721625100e+01
9.269651610064165936e+00 1.997329390067886123e+01
7.376271296419500523e+00 1.964966567762882832e+01
5.179972778460897764e+00 1.876169718625461513e+01
3.735030162481541183e+00 1.779423844483756767e+01
2.396323695972113477e+00 1.649492930396973733e+01
1.890561192780639388e+00 1.585123937571901465e+01
7.726468152777066223e-01 1.385434212342331506e+01
1.892688404030167248e-01 1.193637654244024660e+01
1.694754183457547470e-03 1.018409837445616084e+01
1.880513823934570894e-02 9.387016206117392514e+00
5.848950747887862178e-01 6.630163320387238102e+00
1.155360842514586039e+00 5.333914041310884535e+00
1.722229104195138305e+00 4.389428817262366778e+00
3.316080457155445416e+00 2.561907533192354869e+00
4.662347432691687388e+00 1.543673074513558063e+00
6.087714991296280687e+00 7.970642721644445317e-01
6.849924932851076953e+00 5.091082046349981738e-01
9.413524993226010551e+00 1.721246011769217432e-02
1.151228671822054395e+01 1.150119432599332470e-01
1.203369933370889910e+01 2.089802870144321645e-01
1.495275264859764341e+01 1.312638996691283921e+00
1.632026314863546190e+01 2.250530745141281486e+00
1.694251249751082611e+01 2.802672702877408106e+00
1.863965762521942438e+01 4.964494452491602594e+00
1.907635335553035816e+01 5.802404287505429359e+00
1.945175933129551993e+01 6.734384354632647174e+00
1.993566577370478754e+01 8.867504687324812451e+00
